132000.0 ,  212000.0 ,  1000.0 , 1000.0 , 1.0 , 0
792013.2 ,  1272021.2 ,  6000.1 , 6000.1 , 1.0 , 0
1452000.0 ,  2332000.0 ,  11000.0 , 11000.0 , 1.0 , 0
2112013.2 ,  3392021.2 ,  16000.1 , 16000.1 , 1.0 , 0
2772013.2 ,  4452021.2 ,  21000.1 , 21000.1 , 1.0 , 0
3432013.2 ,  5512021.2 ,  26000.1 , 26000.1 , 1.0 , 0
4092013.2 ,  6572021.2 ,  31000.1 , 31000.1 , 1.0 , 0
4752013.2 ,  7632021.2 ,  36000.1 , 36000.1 , 1.0 , 0
5412013.2 ,  8692021.2 ,  41000.1 , 41000.1 , 1.0 , 0
6072000.0 ,  9752000.0 ,  46000.0 , 46000.0 , 1.0 , 0
6732000.0 ,  10812000.0 ,  51000.0 , 51000.0 , 1.0 , 0
7392013.2 ,  11702103.2 ,  56000.1 , 55198.6 , 0.9856875255579901 , 0
8052013.2 ,  12932021.2 ,  61000.1 , 61000.1 , 1.0 , 0
8712000.0 ,  13992000.0 ,  66000.0 , 66000.0 , 1.0 , 0
9372000.0 ,  15052000.0 ,  71000.0 , 71000.0 , 1.0 , 0
10032000.0 ,  15972186.0 ,  76000.0 , 75340.5 , 0.9913223684210526 , 0
10692013.2 ,  16574923.2 ,  81000.1 , 78183.6 , 0.9652284379895827 , 0
11352000.0 ,  18140776.4 ,  86000.0 , 85569.7 , 0.994996511627907 , 0
12012013.2 ,  18725811.6 ,  91000.1 , 88329.3 , 0.9706505817026575 , 0
12672000.0 ,  19238342.8 ,  96000.0 , 90746.9 , 0.9452802083333334 , 0
