1000.05 , 1000.05 , 1.0 , 0.0
6000.05 , 6000.05 , 1.0 , 0.0
11000.05 , 11000.05 , 1.0 , 0.0
16000.0 , 16000.0 , 1.0 , 0.0
21000.05 , 21000.05 , 0.9996938102528328 , 0.0009682569972396739
26000.0 , 26000.0 , 1.0 , 0.0
31000.0 , 31000.0 , 1.0 , 0.0
36000.0 , 36000.0 , 0.9984097222222221 , 0.004939278928897277
41000.0 , 41000.0 , 0.9999648780487804 , 0.00011106536172297303
46000.05 , 46000.05 , 0.9993838050176033 , 0.001634615037770118
51000.05 , 51000.05 , 0.9999377451590734 , 0.00019549308007016814
56000.05 , 56000.05 , 0.9986303583657514 , 0.0031282886424516946
61000.0 , 61000.0 , 0.9995366393442623 , 0.0008691940980385705
66000.05 , 65862.15 , 0.9992187127130965 , 0.0010782911809210723
71000.0 , 71000.0 , 0.9988942253521127 , 0.001342826451250018
76000.05 , 75578.35 , 0.9960256605094339 , 0.0046467132702298665
81000.05 , 80301.0 , 0.9768572982362356 , 0.02518653181129173
86000.05 , 83615.85 , 0.9759896069827867 , 0.005161359461190421
91000.05 , 84267.4 , 0.9040409867906666 , 0.04588486609085346
96000.0 , 74601.75 , 0.7813090104166668 , 0.03506960848081995
1000.05 , 1000.05 , 1.0 , 0.0
6000.05 , 6000.05 , 1.0 , 0.0
11000.05 , 11000.05 , 0.9994609115413112 , 0.0017047473897662565
16000.0 , 16000.0 , 1.0 , 0.0
21000.05 , 21000.05 , 1.0 , 0.0
26000.0 , 26000.0 , 1.0 , 0.0
31000.0 , 31000.0 , 0.9990433870967742 , 0.0030250756132997833
36000.0 , 36000.0 , 1.0 , 0.0
41000.0 , 41000.0 , 1.0 , 0.0
46000.05 , 46000.05 , 1.0 , 0.0
51000.05 , 51000.05 , 0.998740883587369 , 0.003981675703214259
56000.05 , 56000.05 , 0.9998643751210936 , 0.0004288835247286228
61000.0 , 61000.0 , 0.9947912295081969 , 0.01645718343178776
66000.05 , 66000.05 , 0.9999781060771923 , 4.637181170342786e-05
71000.0 , 70831.85 , 0.9986897887323943 , 0.002885606100869555
76000.05 , 75263.25 , 0.9908282297182698 , 0.008999223475234195
81000.05 , 77816.5 , 0.9550012623448998 , 0.012062078829014649
86000.05 , 77677.75 , 0.8699813546620032 , 0.033136250458964824
91000.05 , 69726.8 , 0.775169244412503 , 0.009614681947455846
96000.0 , 72460.65 , 0.7436558854166666 , 0.009076519176152207
1000.05 , 1000.05 , 1.0 , 0.0
6000.05 , 6000.05 , 1.0 , 0.0
11000.05 , 10922.0 , 0.9992904577706465 , 0.002243769540830639
16000.0 , 16000.0 , 1.0 , 0.0
21000.05 , 21000.05 , 0.9987319077811719 , 0.004010059694633307
26000.0 , 26000.0 , 1.0 , 0.0
31000.0 , 31000.0 , 1.0 , 0.0
36000.0 , 36000.0 , 1.0 , 0.0
41000.0 , 41000.0 , 0.9994147560975609 , 0.0014584052077129858
46000.05 , 46000.05 , 1.0 , 0.0
51000.05 , 51000.05 , 0.9999101961664744 , 0.0002077340753913015
56000.05 , 55858.85 , 0.9991423221943551 , 0.0011316240402022015
61000.0 , 60946.05 , 0.9994764754098361 , 0.0010902172802867466
66000.05 , 65896.75 , 0.9985021981043953 , 0.0010546217195381595
71000.0 , 69161.0 , 0.9880149295774647 , 0.009898186314155061
76000.05 , 73945.85 , 0.9843691550202929 , 0.021447117757964398
81000.05 , 78763.2 , 0.9777714334744239 , 0.012032366932636825
86000.05 , 76878.75 , 0.9513924119811558 , 0.021489691688647086
91000.05 , 78414.35 , 0.8910498950275303 , 0.0178409094999943
96000.0 , 76121.85 , 0.8542788541666667 , 0.023049254352748346
1000.05 , 1000.05 , 1.0 , 0.0
6000.05 , 6000.05 , 1.0 , 0.0
11000.05 , 11000.05 , 1.0 , 0.0
16000.0 , 16000.0 , 1.0 , 0.0
21000.05 , 21000.05 , 1.0 , 0.0
26000.0 , 26000.0 , 1.0 , 0.0
31000.0 , 31000.0 , 1.0 , 0.0
36000.0 , 36000.0 , 0.9995576388888889 , 0.0013988686593939296
41000.0 , 41000.0 , 0.9998537804878049 , 0.0004623866968953542
46000.05 , 46000.05 , 0.9999652174291114 , 0.00010999214688397119
51000.05 , 50951.15 , 0.9997794119809686 , 0.00040062014772624586
56000.05 , 55319.15 , 0.9987149118616859 , 0.0038234100683425935
61000.0 , 60920.35 , 0.998496475409836 , 0.0033278817520634493
66000.05 , 65960.95 , 0.9994340913378098 , 0.0006779545919849133
71000.0 , 71000.0 , 0.9983138028169012 , 0.003695489651665488
76000.05 , 75972.25 , 0.9974383569484493 , 0.0019547094419392706
81000.05 , 80096.2 , 0.986289823277887 , 0.003264403452752204
86000.05 , 81244.5 , 0.9346627124053997 , 0.022791090172163707
91000.05 , 80664.1 , 0.8880312703124889 , 0.006493063335149761
96000.0 , 81253.0 , 0.8270083854166665 , 0.021032700758499626
