4000.0 , 4000.0 , 1.0 , 0.0
24000.0 , 24000.0 , 1.0 , 0.0
44000.0 , 44000.0 , 1.0 , 0.0
64000.2 , 64000.2 , 1.0 , 0.0
84000.2 , 84000.2 , 1.0 , 0.0
104000.2 , 104000.2 , 1.0 , 0.0
124000.2 , 124000.2 , 1.0 , 0.0
144000.2 , 144000.2 , 0.9999934722312886 , 2.064261716689635e-05
164000.2 , 164000.2 , 1.0 , 0.0
184000.0 , 184000.0 , 1.0 , 0.0
204000.0 , 204000.0 , 0.9995711764705882 , 0.0013560590672133644
224000.2 , 224000.2 , 0.9976325021138374 , 0.00725536690459231
244000.2 , 243980.2 , 0.999872705022373 , 0.0003746284270962583
264000.0 , 263840.6 , 0.9997858333333334 , 0.00023864479435698298
284000.0 , 283743.4 , 0.9975707746478873 , 0.003720599831460695
304000.0 , 303024.6 , 0.9961940789473683 , 0.000953295956253511
324000.2 , 321697.2 , 0.9933077819087766 , 0.001256111790288898
344000.0 , 338708.6 , 0.9827952906976745 , 0.0024619152991599623
364000.2 , 349551.2 , 0.9629660093593356 , 0.010265435832342327
384000.0 , 362482.8 , 0.9386119791666667 , 0.005074647646061207
