1000.0 , 1000.0 , 1.0 , 0
6000.0 , 6000.0 , 1.0 , 0
11000.2 , 11000.2 , 1.0 , 0
16000.2 , 16000.2 , 1.0 , 0
21000.2 , 21000.2 , 1.0 , 0
26000.2 , 25999.8 , 0.9999846155029577 , 0
31000.0 , 31000.0 , 1.0 , 0
36000.0 , 35692.6 , 0.9914611111111111 , 0
41000.2 , 41000.2 , 1.0 , 0
46000.2 , 46000.2 , 1.0 , 0
51000.0 , 50553.8 , 0.9912509803921569 , 0
56000.2 , 52951.6 , 0.9455609087110404 , 0
61000.2 , 54516.8 , 0.8937151025734342 , 0
66000.0 , 59319.4 , 0.8987787878787878 , 0
71000.0 , 57848.8 , 0.8147718309859155 , 0
76000.2 , 58048.4 , 0.7637927268612451 , 0
81000.0 , 57033.2 , 0.7041135802469136 , 0
86000.2 , 57895.0 , 0.6731961088462585 , 0
91000.0 , 55673.6 , 0.6117978021978022 , 0
96000.2 , 57284.4 , 0.5967112568515482 , 0
1000.0 , 1000.0 , 1.0 , 0
6000.0 , 6000.0 , 1.0 , 0
11000.2 , 11000.2 , 1.0 , 0
16000.2 , 16000.2 , 1.0 , 0
21000.2 , 21000.2 , 1.0 , 0
26000.2 , 26000.2 , 1.0 , 0
31000.0 , 31000.0 , 1.0 , 0
36000.0 , 36000.0 , 1.0 , 0
41000.2 , 41000.2 , 1.0 , 0
46000.2 , 46000.2 , 1.0 , 0
51000.0 , 51000.0 , 1.0 , 0
56000.2 , 56000.2 , 1.0 , 0
61000.2 , 61000.2 , 1.0 , 0
66000.0 , 66000.0 , 1.0 , 0
71000.0 , 70686.8 , 0.9955887323943662 , 0
76000.2 , 76000.2 , 1.0 , 0
81000.0 , 81000.0 , 1.0 , 0
86000.2 , 84648.2 , 0.9842791063276597 , 0
91000.0 , 85656.4 , 0.9412791208791209 , 0
96000.2 , 91083.2 , 0.9487813567055069 , 0
