1028000.0 ,  1092000.0 ,  1000.0 , 1000.0 , 1.0 , 0.0
6168000.0 ,  6552000.0 ,  6000.0 , 6000.0 , 1.0 , 0.0
11308000.0 ,  12012000.0 ,  11000.0 , 11000.0 , 1.0 , 0.0
16448000.0 ,  17472000.0 ,  16000.0 , 16000.0 , 1.0 , 0.0
21588000.0 ,  22932000.0 ,  21000.0 , 21000.0 , 1.0 , 0.0
26728000.0 ,  28392000.0 ,  26000.0 , 26000.0 , 1.0 , 0.0
31868257.0 ,  33852273.0 ,  31000.25 , 31000.25 , 1.0 , 0.0
37008000.0 ,  38998705.2 ,  36000.0 , 35713.1 , 0.9920305555555556 , 0.025118744742692836
42148000.0 ,  44130149.7 ,  41000.0 , 40412.225 , 0.985664024390244 , 0.030632245440403674
47288000.0 ,  50065388.1 ,  46000.0 , 45847.425 , 0.9966831521739131 , 0.00650445326441477
52428000.0 ,  55458885.3 ,  51000.0 , 50786.525 , 0.9958142156862746 , 0.006565853334962119
57568257.0 ,  60175424.4 ,  56000.25 , 55105.7 , 0.9840259641698028 , 0.017840940951964503
62708000.0 ,  65370832.8 ,  61000.0 , 59863.4 , 0.9813672131147542 , 0.02097903918088881
67848257.0 ,  52517474.1 ,  66000.25 , 48092.925 , 0.7286779216745392 , 0.038206926570113126
72988257.0 ,  53253427.5 ,  71000.25 , 48766.875 , 0.686854975862761 , 0.030139346745574145
78128257.0 ,  52665450.6 ,  76000.25 , 48228.525 , 0.6345837678165533 , 0.027913975033493417
83268000.0 ,  53014115.7 ,  81000.0 , 48547.725 , 0.5993546296296297 , 0.026918426702816193
88408000.0 ,  51564594.9 ,  86000.0 , 47220.325 , 0.549073546511628 , 0.03754117969256857
93548257.0 ,  53530058.4 ,  91000.25 , 49020.2 , 0.5386820365878117 , 0.012139933638661267
98688257.0 ,  52130442.0 ,  96000.25 , 47738.5 , 0.49727474668034716 , 0.021196954645179532
