516000.0 ,  580000.0 ,  1000.0 , 1000.0 , 1.0 , 0
3096000.0 ,  3480000.0 ,  6000.0 , 6000.0 , 1.0 , 0
5676000.0 ,  6380000.0 ,  11000.0 , 11000.0 , 1.0 , 0
8256000.0 ,  9280000.0 ,  16000.0 , 16000.0 , 1.0 , 0
10836000.0 ,  12180000.0 ,  21000.0 , 21000.0 , 1.0 , 0
13416000.0 ,  15080000.0 ,  26000.0 , 26000.0 , 1.0 , 0
15996129.0 ,  17980145.0 ,  31000.25 , 31000.25 , 1.0 , 0
18576000.0 ,  20785025.0 ,  36000.0 , 35836.25 , 0.9954513888888888 , 0
21156000.0 ,  23780000.0 ,  41000.0 , 41000.0 , 1.0 , 0
23736000.0 ,  26459455.0 ,  46000.0 , 45619.75 , 0.991733695652174 , 0
26316000.0 ,  29492565.0 ,  51000.0 , 50849.25 , 0.9970441176470588 , 0
28896129.0 ,  29578260.0 ,  56000.25 , 50997.0 , 0.9106566488542461 , 0
31476000.0 ,  28528605.0 ,  61000.0 , 49187.25 , 0.8063483606557377 , 0
34056129.0 ,  29643075.0 ,  66000.25 , 51108.75 , 0.7743720667724744 , 0
36636147.5 ,  30262805.0 ,  71000.5 , 52177.25 , 0.7348856698192267 , 0
39216129.0 ,  35900840.0 ,  76000.25 , 61898.0 , 0.8144446893266798 , 0
41796000.0 ,  35543270.0 ,  81000.0 , 61281.5 , 0.7565617283950617 , 0
44376000.0 ,  34464470.0 ,  86000.0 , 59421.5 , 0.6909476744186046 , 0
46956129.0 ,  37019225.0 ,  91000.25 , 63826.25 , 0.7013854357542973 , 0
49536129.0 ,  32343410.0 ,  96000.25 , 55764.5 , 0.5808786956283968 , 0
