260000.0 ,  324000.0 ,  1000.0 , 1000.0 , 1.0 , 0
1560000.0 ,  1944000.0 ,  6000.0 , 6000.0 , 1.0 , 0
2860065.0 ,  3564081.0 ,  11000.25 , 11000.25 , 1.0 , 0
4160065.0 ,  5184081.0 ,  16000.25 , 16000.25 , 1.0 , 0
5460065.0 ,  6804081.0 ,  21000.25 , 21000.25 , 1.0 , 0
6760000.0 ,  8424000.0 ,  26000.0 , 26000.0 , 1.0 , 0
8060065.0 ,  10044081.0 ,  31000.25 , 31000.25 , 1.0 , 0
9360065.0 ,  11664081.0 ,  36000.25 , 36000.25 , 1.0 , 0
10660000.0 ,  13284000.0 ,  41000.0 , 41000.0 , 1.0 , 0
11960065.0 ,  14871924.0 ,  46000.25 , 45901.0 , 0.9978424030304183 , 0
13260065.0 ,  16099317.0 ,  51000.25 , 49689.25 , 0.9742942436556683 , 0
14560065.0 ,  17543142.0 ,  56000.25 , 54145.5 , 0.9668796121445886 , 0
15860000.0 ,  18278541.0 ,  61000.0 , 56415.25 , 0.9248401639344263 , 0
17160065.0 ,  15769080.0 ,  66000.25 , 48670.0 , 0.7374214491611775 , 0
18460065.0 ,  17839845.0 ,  71000.25 , 55061.25 , 0.7755078327188989 , 0
19760065.0 ,  16472970.0 ,  76000.25 , 50842.5 , 0.6689780625721626 , 0
21060000.0 ,  17674281.0 ,  81000.0 , 54550.25 , 0.6734598765432098 , 0
22360000.0 ,  18462573.0 ,  86000.0 , 56983.25 , 0.6625959302325581 , 0
23660065.0 ,  19000656.0 ,  91000.25 , 58644.0 , 0.6444377900060714 , 0
24960065.0 ,  17246358.0 ,  96000.25 , 53229.5 , 0.5544725143944937 , 0
