132000.0 ,  196000.0 ,  1000.0 , 1000.0 , 1.0 , 0
792000.0 ,  1176000.0 ,  6000.0 , 6000.0 , 1.0 , 0
1452033.0 ,  2156049.0 ,  11000.25 , 11000.25 , 1.0 , 0
2112033.0 ,  3136049.0 ,  16000.25 , 16000.25 , 1.0 , 0
2772033.0 ,  4116049.0 ,  21000.25 , 21000.25 , 1.0 , 0
3432000.0 ,  5096000.0 ,  26000.0 , 26000.0 , 1.0 , 0
4092033.0 ,  6076049.0 ,  31000.25 , 31000.25 , 1.0 , 0
4752033.0 ,  7056049.0 ,  36000.25 , 36000.25 , 1.0 , 0
5412000.0 ,  8036000.0 ,  41000.0 , 41000.0 , 1.0 , 0
6072033.0 ,  9016049.0 ,  46000.25 , 46000.25 , 1.0 , 0
6732033.0 ,  9900695.0 ,  51000.25 , 50513.75 , 0.9904608310743575 , 0
7392033.0 ,  10975265.0 ,  56000.25 , 55996.25 , 0.9999285717474475 , 0
8052000.0 ,  11934979.0 ,  61000.0 , 60892.75 , 0.9982418032786885 , 0
8712033.0 ,  12683944.0 ,  66000.25 , 64714.0 , 0.9805114374566763 , 0
9372000.0 ,  13517728.0 ,  71000.0 , 68968.0 , 0.9713802816901408 , 0
10032000.0 ,  13751409.0 ,  76000.0 , 70160.25 , 0.9231611842105263 , 0
10692033.0 ,  14013412.0 ,  81000.25 , 71497.0 , 0.8826762880361481 , 0
11352000.0 ,  14330589.0 ,  86000.0 , 73115.25 , 0.8501773255813954 , 0
12012000.0 ,  11716439.0 ,  91000.0 , 59777.75 , 0.6568983516483516 , 0
12672033.0 ,  10184209.0 ,  96000.25 , 51960.25 , 0.5412511946583473 , 0

