516000.0 ,  596000.0 ,  1000.0 , 1000.0 , 1.0 , 0.0
3096129.0 ,  3576159.5 ,  6000.25 , 6000.35 , 1.0 , 0.0
5676000.0 ,  6556000.0 ,  11000.0 , 11000.0 , 1.0 , 0.0
8256130.85 ,  9536149.0 ,  16000.275 , 16000.25 , 0.9999984375488266 , 4.940904440740488e-06
10836129.0 ,  12516149.0 ,  21000.25 , 21000.25 , 1.0 , 0.0
13416129.0 ,  15496149.0 ,  26000.25 , 26000.25 , 1.0 , 0.0
15996129.0 ,  18476149.0 ,  31000.25 , 31000.25 , 1.0 , 0.0
18576129.0 ,  21456149.0 ,  36000.25 , 36000.25 , 1.0 , 0.0
21156129.0 ,  24436149.0 ,  41000.25 , 41000.25 , 1.0 , 0.0
23736000.0 ,  27416000.0 ,  46000.0 , 46000.0 , 1.0 , 0.0
26316000.0 ,  30396000.0 ,  51000.0 , 51000.0 , 1.0 , 0.0
28896129.0 ,  33376149.0 ,  56000.25 , 56000.25 , 1.0 , 0.0
31476129.0 ,  36326930.1 ,  61000.25 , 60951.225 , 0.9991963147692017 , 0.0023832028705673596
34056000.0 ,  39202987.7 ,  66000.0 , 65776.825 , 0.9966185606060606 , 0.006157684996251425
36636000.0 ,  42113345.1 ,  71000.0 , 70659.975 , 0.9952109154929577 , 0.007526176601870585
39216000.0 ,  45251687.4 ,  76000.0 , 75925.65 , 0.9990217105263157 , 0.0013824212483908374
41796129.0 ,  47542145.2 ,  81000.25 , 79768.7 , 0.9847957259391175 , 0.010579741442639212
44376000.0 ,  49452399.7 ,  86000.0 , 82973.825 , 0.9648119186046511 , 0.023849262962475047
46956129.0 ,  50500480.6 ,  91000.25 , 84732.35 , 0.9311221672467932 , 0.02469938936830027
49536000.0 ,  49081389.7 ,  96000.0 , 82351.325 , 0.8578263020833333 , 0.029907410762416195
