1028000.0 ,  1108000.0 ,  1000.0 , 1000.0 , 1.0 , 0.0
6168257.0 ,  6648277.0 ,  6000.25 , 6000.25 , 1.0 , 0.0
11308001.85 ,  12188000.0 ,  11000.025 , 11000.0 , 0.999997727324379 , 7.186831345118937e-06
16448257.0 ,  17728287.5 ,  16000.25 , 16000.35 , 1.0 , 0.0
21588257.0 ,  23268277.0 ,  21000.25 , 21000.25 , 1.0 , 0.0
26728257.0 ,  28808277.0 ,  26000.25 , 26000.25 , 1.0 , 0.0
31868257.0 ,  34348277.0 ,  31000.25 , 31000.25 , 1.0 , 0.0
37008257.0 ,  39888277.0 ,  36000.25 , 36000.25 , 1.0 , 0.0
42148257.0 ,  45428277.0 ,  41000.25 , 41000.25 , 1.0 , 0.0
47288000.0 ,  50966393.4 ,  46000.0 , 45998.55 , 0.9999684782608697 , 9.968049146183211e-05
52428000.0 ,  56508000.0 ,  51000.0 , 51000.0 , 1.0 , 0.0
57568257.0 ,  62048277.0 ,  56000.25 , 56000.25 , 1.0 , 0.0
62708257.0 ,  67508473.3 ,  61000.25 , 60928.225 , 0.9988192671341511 , 0.002933582491697949
67848000.0 ,  72961855.4 ,  66000.0 , 65850.05 , 0.9977280303030304 , 0.006307069008470134
72988000.0 ,  78600993.7 ,  71000.0 , 70939.525 , 0.9991482394366198 , 0.0011587264989379362
78128000.0 ,  84071245.1 ,  76000.0 , 75876.575 , 0.9983759868421054 , 0.002404254515382747
83268257.0 ,  89052425.3 ,  81000.25 , 80372.225 , 0.9922466288684294 , 0.00234759522991788
88408000.0 ,  91402493.3 ,  86000.0 , 82493.225 , 0.9592235465116279 , 0.028036039791054394
93548257.0 ,  93756023.8 ,  91000.25 , 84617.35 , 0.9298584344548505 , 0.007855979833228196
98688000.0 ,  93725387.6 ,  96000.0 , 84589.7 , 0.8811427083333333 , 0.010406722235257812

