260065.0 ,  340085.0 ,  1000.25 , 1000.25 , 1.0 , 0.0
1560065.0 ,  2040085.0 ,  6000.25 , 6000.25 , 1.0 , 0.0
2860065.0 ,  3740085.0 ,  11000.25 , 11000.25 , 1.0 , 0.0
4160000.0 ,  5440000.0 ,  16000.0 , 16000.0 , 1.0 , 0.0
5460065.0 ,  7140085.0 ,  21000.25 , 21000.25 , 1.0 , 0.0
6760000.0 ,  8840000.0 ,  26000.0 , 26000.0 , 1.0 , 0.0
8060000.0 ,  10540000.0 ,  31000.0 , 31000.0 , 1.0 , 0.0
9360000.0 ,  12240000.0 ,  36000.0 , 36000.0 , 1.0 , 0.0
10660000.0 ,  13940000.0 ,  41000.0 , 41000.0 , 1.0 , 0.0
11960065.0 ,  15640085.0 ,  46000.25 , 46000.25 , 1.0 , 0.0
13260065.0 ,  17340085.0 ,  51000.25 , 51000.25 , 1.0 , 0.0
14560065.0 ,  19032596.5 ,  56000.25 , 55978.225 , 0.9996066981843832 , 0.0008644154097160319
15860000.0 ,  20740000.0 ,  61000.0 , 61000.0 , 1.0 , 0.0
17160065.0 ,  22436132.5 ,  66000.25 , 65988.625 , 0.9998238643035442 , 0.0005569899780600356
18460000.0 ,  24132035.5 ,  71000.0 , 70976.575 , 0.9996700704225352 , 0.00104332893224571
19760065.0 ,  25830293.0 ,  76000.25 , 75971.45 , 0.9996210538781124 , 0.0005785191720886469
21060065.0 ,  27457541.5 ,  81000.25 , 80757.475 , 0.9970027870284351 , 0.0037762378593118573
22360065.0 ,  29001464.5 ,  86000.25 , 85298.425 , 0.9918392679091049 , 0.0047347830138426495
23660065.0 ,  30070594.5 ,  91000.25 , 88442.925 , 0.97189760467691 , 0.011054496100010209
24960000.0 ,  29836071.0 ,  96000.0 , 87753.15 , 0.9140953125000001 , 0.0160198307391849
