260000.0 ,  324000.0 ,  1000.0 , 1000.0 , 1.0 , 0
1560026.0 ,  1944032.4 ,  6000.1 , 6000.1 , 1.0 , 0
2860000.0 ,  3564000.0 ,  11000.0 , 11000.0 , 1.0 , 0
4160026.0 ,  5184032.4 ,  16000.1 , 16000.1 , 1.0 , 0
5460026.0 ,  6804032.4 ,  21000.1 , 21000.1 , 1.0 , 0
6760026.0 ,  8424032.4 ,  26000.1 , 26000.1 , 1.0 , 0
8060026.0 ,  10044032.4 ,  31000.1 , 31000.1 , 1.0 , 0
9360026.0 ,  11638015.2 ,  36000.1 , 35919.8 , 0.9977694506404149 , 0
10660026.0 ,  13276386.0 ,  41000.1 , 40976.5 , 0.9994243916478253 , 0
11960000.0 ,  14837806.8 ,  46000.0 , 45795.7 , 0.9955586956521739 , 0
13260000.0 ,  16372886.4 ,  51000.0 , 50533.6 , 0.9908549019607843 , 0
14560026.0 ,  17951252.4 ,  56000.1 , 55405.1 , 0.9893750189731804 , 0
15860026.0 ,  19182549.6 ,  61000.1 , 59205.4 , 0.9705787367561692 , 0
17160000.0 ,  20872663.2 ,  66000.0 , 64421.8 , 0.9760878787878788 , 0
18460000.0 ,  21458487.6 ,  71000.0 , 66229.9 , 0.9328154929577465 , 0
19760000.0 ,  22297420.8 ,  76000.0 , 68819.2 , 0.9055157894736842 , 0
21060026.0 ,  17648571.6 ,  81000.1 , 54470.9 , 0.6724794166920781 , 0
22360000.0 ,  22829947.2 ,  86000.0 , 70462.8 , 0.8193348837209302 , 0
23660026.0 ,  22255106.4 ,  91000.1 , 68688.6 , 0.7548189507484058 , 0
24960000.0 ,  22467002.4 ,  96000.0 , 69342.6 , 0.72231875 , 0
